2021/09/27-06:12:45.616054 7fcfba24b700 RocksDB version: 6.15.2
2021/09/27-06:12:45.617547 7fcfba24b700 Git sha rocksdb_build_git_sha:
2021/09/27-06:12:45.617551 7fcfba24b700 Compile date Jan  4 2021
2021/09/27-06:12:45.617639 7fcfba24b700 DB SUMMARY
2021/09/27-06:12:45.617642 7fcfba24b700 DB Session ID:  UU2TMLZGBMRDWR7BCKJQ
2021/09/27-06:12:45.617767 7fcfba24b700 SST files in /node/data/database dir, Total Num: 0, files: 
2021/09/27-06:12:45.617771 7fcfba24b700 Write Ahead Log file in /node/data/database: 
2021/09/27-06:12:45.617773 7fcfba24b700                         Options.error_if_exists: 0
2021/09/27-06:12:45.617774 7fcfba24b700                       Options.create_if_missing: 1
2021/09/27-06:12:45.617775 7fcfba24b700                         Options.paranoid_checks: 1
2021/09/27-06:12:45.617775 7fcfba24b700                               Options.track_and_verify_wals_in_manifest: 0
2021/09/27-06:12:45.617776 7fcfba24b700                                     Options.env: 0x7fcf3bfbc3c0
2021/09/27-06:12:45.617777 7fcfba24b700                                      Options.fs: Posix File System
2021/09/27-06:12:45.617778 7fcfba24b700                                Options.info_log: 0x7fcfb58a8a70
2021/09/27-06:12:45.617778 7fcfba24b700                Options.max_file_opening_threads: 16
2021/09/27-06:12:45.617779 7fcfba24b700                              Options.statistics: 0x7fcfb57c8eb0
2021/09/27-06:12:45.617780 7fcfba24b700                               Options.use_fsync: 0
2021/09/27-06:12:45.617780 7fcfba24b700                       Options.max_log_file_size: 0
2021/09/27-06:12:45.617781 7fcfba24b700                  Options.max_manifest_file_size: 1073741824
2021/09/27-06:12:45.617782 7fcfba24b700                   Options.log_file_time_to_roll: 0
2021/09/27-06:12:45.617782 7fcfba24b700                       Options.keep_log_file_num: 1000
2021/09/27-06:12:45.617783 7fcfba24b700                    Options.recycle_log_file_num: 0
2021/09/27-06:12:45.617784 7fcfba24b700                         Options.allow_fallocate: 1
2021/09/27-06:12:45.617784 7fcfba24b700                        Options.allow_mmap_reads: 0
2021/09/27-06:12:45.617785 7fcfba24b700                       Options.allow_mmap_writes: 0
2021/09/27-06:12:45.617786 7fcfba24b700                        Options.use_direct_reads: 0
2021/09/27-06:12:45.617786 7fcfba24b700                        Options.use_direct_io_for_flush_and_compaction: 0
2021/09/27-06:12:45.617787 7fcfba24b700          Options.create_missing_column_families: 1
2021/09/27-06:12:45.617787 7fcfba24b700                              Options.db_log_dir: 
2021/09/27-06:12:45.617788 7fcfba24b700                                 Options.wal_dir: /node/data/database
2021/09/27-06:12:45.617789 7fcfba24b700                Options.table_cache_numshardbits: 6
2021/09/27-06:12:45.617789 7fcfba24b700                         Options.WAL_ttl_seconds: 0
2021/09/27-06:12:45.617790 7fcfba24b700                       Options.WAL_size_limit_MB: 0
2021/09/27-06:12:45.617790 7fcfba24b700                        Options.max_write_batch_group_size_bytes: 1048576
2021/09/27-06:12:45.617791 7fcfba24b700             Options.manifest_preallocation_size: 4194304
2021/09/27-06:12:45.617792 7fcfba24b700                     Options.is_fd_close_on_exec: 1
2021/09/27-06:12:45.617792 7fcfba24b700                   Options.advise_random_on_open: 1
2021/09/27-06:12:45.617793 7fcfba24b700                    Options.db_write_buffer_size: 0
2021/09/27-06:12:45.617794 7fcfba24b700                    Options.write_buffer_manager: 0x7fcfb58a87b0
2021/09/27-06:12:45.617794 7fcfba24b700         Options.access_hint_on_compaction_start: 1
2021/09/27-06:12:45.617795 7fcfba24b700  Options.new_table_reader_for_compaction_inputs: 0
2021/09/27-06:12:45.617796 7fcfba24b700           Options.random_access_max_buffer_size: 1048576
2021/09/27-06:12:45.617796 7fcfba24b700                      Options.use_adaptive_mutex: 0
2021/09/27-06:12:45.617797 7fcfba24b700                            Options.rate_limiter: (nil)
2021/09/27-06:12:45.617799 7fcfba24b700     Options.sst_file_manager.rate_bytes_per_sec: 0
2021/09/27-06:12:45.617800 7fcfba24b700                       Options.wal_recovery_mode: 2
2021/09/27-06:12:45.619094 7fcfba24b700                  Options.enable_thread_tracking: 0
2021/09/27-06:12:45.619097 7fcfba24b700                  Options.enable_pipelined_write: 0
2021/09/27-06:12:45.619098 7fcfba24b700                  Options.unordered_write: 0
2021/09/27-06:12:45.619099 7fcfba24b700         Options.allow_concurrent_memtable_write: 1
2021/09/27-06:12:45.619099 7fcfba24b700      Options.enable_write_thread_adaptive_yield: 1
2021/09/27-06:12:45.619100 7fcfba24b700             Options.write_thread_max_yield_usec: 100
2021/09/27-06:12:45.619101 7fcfba24b700            Options.write_thread_slow_yield_usec: 3
2021/09/27-06:12:45.619101 7fcfba24b700                               Options.row_cache: None
2021/09/27-06:12:45.619102 7fcfba24b700                              Options.wal_filter: None
2021/09/27-06:12:45.619103 7fcfba24b700             Options.avoid_flush_during_recovery: 0
2021/09/27-06:12:45.619103 7fcfba24b700             Options.allow_ingest_behind: 0
2021/09/27-06:12:45.619104 7fcfba24b700             Options.preserve_deletes: 0
2021/09/27-06:12:45.619105 7fcfba24b700             Options.two_write_queues: 0
2021/09/27-06:12:45.619106 7fcfba24b700             Options.manual_wal_flush: 0
2021/09/27-06:12:45.619107 7fcfba24b700             Options.atomic_flush: 0
2021/09/27-06:12:45.619108 7fcfba24b700             Options.avoid_unnecessary_blocking_io: 0
2021/09/27-06:12:45.619108 7fcfba24b700                 Options.persist_stats_to_disk: 0
2021/09/27-06:12:45.619109 7fcfba24b700                 Options.write_dbid_to_manifest: 0
2021/09/27-06:12:45.619110 7fcfba24b700                 Options.log_readahead_size: 0
2021/09/27-06:12:45.619110 7fcfba24b700                 Options.file_checksum_gen_factory: Unknown
2021/09/27-06:12:45.619111 7fcfba24b700                 Options.best_efforts_recovery: 0
2021/09/27-06:12:45.619111 7fcfba24b700                Options.max_bgerror_resume_count: 2147483647
2021/09/27-06:12:45.619112 7fcfba24b700            Options.bgerror_resume_retry_interval: 1000000
2021/09/27-06:12:45.619113 7fcfba24b700             Options.allow_data_in_errors: 0
2021/09/27-06:12:45.619113 7fcfba24b700             Options.db_host_id: __hostname__
2021/09/27-06:12:45.619117 7fcfba24b700             Options.max_background_jobs: 2
2021/09/27-06:12:45.619117 7fcfba24b700             Options.max_background_compactions: 4
2021/09/27-06:12:45.619118 7fcfba24b700             Options.max_subcompactions: 1
2021/09/27-06:12:45.619119 7fcfba24b700             Options.avoid_flush_during_shutdown: 0
2021/09/27-06:12:45.619119 7fcfba24b700           Options.writable_file_max_buffer_size: 1048576
2021/09/27-06:12:45.619120 7fcfba24b700             Options.delayed_write_rate : 16777216
2021/09/27-06:12:45.619121 7fcfba24b700             Options.max_total_wal_size: 0
2021/09/27-06:12:45.619121 7fcfba24b700             Options.delete_obsolete_files_period_micros: 21600000000
2021/09/27-06:12:45.619122 7fcfba24b700                   Options.stats_dump_period_sec: 600
2021/09/27-06:12:45.619122 7fcfba24b700                 Options.stats_persist_period_sec: 600
2021/09/27-06:12:45.619123 7fcfba24b700                 Options.stats_history_buffer_size: 1048576
2021/09/27-06:12:45.619124 7fcfba24b700                          Options.max_open_files: 1024
2021/09/27-06:12:45.619124 7fcfba24b700                          Options.bytes_per_sync: 0
2021/09/27-06:12:45.619125 7fcfba24b700                      Options.wal_bytes_per_sync: 0
2021/09/27-06:12:45.619126 7fcfba24b700                   Options.strict_bytes_per_sync: 0
2021/09/27-06:12:45.619126 7fcfba24b700       Options.compaction_readahead_size: 0
2021/09/27-06:12:45.619127 7fcfba24b700                  Options.max_background_flushes: -1
2021/09/27-06:12:45.619127 7fcfba24b700 Compression algorithms supported:
2021/09/27-06:12:45.619128 7fcfba24b700 	kZSTDNotFinalCompression supported: 1
2021/09/27-06:12:45.619136 7fcfba24b700 	kZSTD supported: 1
2021/09/27-06:12:45.619137 7fcfba24b700 	kXpressCompression supported: 0
2021/09/27-06:12:45.619798 7fcfba24b700 	kLZ4HCCompression supported: 1
2021/09/27-06:12:45.619801 7fcfba24b700 	kLZ4Compression supported: 1
2021/09/27-06:12:45.619802 7fcfba24b700 	kBZip2Compression supported: 1
2021/09/27-06:12:45.619803 7fcfba24b700 	kZlibCompression supported: 1
2021/09/27-06:12:45.619803 7fcfba24b700 	kSnappyCompression supported: 1
2021/09/27-06:12:45.619810 7fcfba24b700 Fast CRC32 supported: Not supported on x86
2021/09/27-06:12:45.628841 7fcfba24b700 [/db_impl/db_impl_open.cc:281] Creating manifest 1 
2021/09/27-06:12:45.640875 7fcfba24b700 [/version_set.cc:4725] Recovering from manifest file: /node/data/database/MANIFEST-000001
2021/09/27-06:12:45.641998 7fcfba24b700 [/column_family.cc:597] --------------- Options for column family [default]:
2021/09/27-06:12:45.642005 7fcfba24b700               Options.comparator: leveldb.BytewiseComparator
2021/09/27-06:12:45.642006 7fcfba24b700           Options.merge_operator: None
2021/09/27-06:12:45.642007 7fcfba24b700        Options.compaction_filter: None
2021/09/27-06:12:45.642008 7fcfba24b700        Options.compaction_filter_factory: None
2021/09/27-06:12:45.642008 7fcfba24b700  Options.sst_partitioner_factory: None
2021/09/27-06:12:45.642009 7fcfba24b700         Options.memtable_factory: SkipListFactory
2021/09/27-06:12:45.642010 7fcfba24b700            Options.table_factory: BlockBasedTable
2021/09/27-06:12:45.642062 7fcfba24b700            table_factory options:   flush_block_policy_factory: FlushBlockBySizePolicyFactory (0x7fcfb5830e50)
  cache_index_and_filter_blocks: 0
  cache_index_and_filter_blocks_with_high_priority: 1
  pin_l0_filter_and_index_blocks_in_cache: 0
  pin_top_level_index_and_filter: 1
  index_type: 0
  data_block_index_type: 0
  index_shortening: 1
  data_block_hash_table_util_ratio: 0.750000
  hash_index_allow_collision: 1
  checksum: 1
  no_block_cache: 0
  block_cache: 0x7fcfb582ea20
  block_cache_name: LRUCache
  block_cache_options:
    capacity : 8388608
    num_shard_bits : 4
    strict_capacity_limit : 0
    memory_allocator : None
    high_pri_pool_ratio: 0.000
  block_cache_compressed: (nil)
  persistent_cache: (nil)
  block_size: 4096
  block_size_deviation: 10
  block_restart_interval: 16
  index_block_restart_interval: 1
  metadata_block_size: 4096
  partition_filters: 0
  use_delta_encoding: 1
  filter_policy: nullptr
  whole_key_filtering: 1
  verify_compression: 0
  read_amp_bytes_per_bit: 0
  format_version: 4
  enable_index_compression: 1
  block_align: 0
2021/09/27-06:12:45.642064 7fcfba24b700        Options.write_buffer_size: 67108864
2021/09/27-06:12:45.642065 7fcfba24b700  Options.max_write_buffer_number: 2
2021/09/27-06:12:45.642066 7fcfba24b700          Options.compression: Snappy
2021/09/27-06:12:45.642067 7fcfba24b700                  Options.bottommost_compression: Disabled
2021/09/27-06:12:45.642068 7fcfba24b700       Options.prefix_extractor: nullptr
2021/09/27-06:12:45.642068 7fcfba24b700   Options.memtable_insert_with_hint_prefix_extractor: nullptr
2021/09/27-06:12:45.642069 7fcfba24b700             Options.num_levels: 7
2021/09/27-06:12:45.642069 7fcfba24b700        Options.min_write_buffer_number_to_merge: 1
2021/09/27-06:12:45.642070 7fcfba24b700     Options.max_write_buffer_number_to_maintain: 0
2021/09/27-06:12:45.642071 7fcfba24b700     Options.max_write_buffer_size_to_maintain: 134217728
2021/09/27-06:12:45.642071 7fcfba24b700            Options.bottommost_compression_opts.window_bits: -14
2021/09/27-06:12:45.642072 7fcfba24b700                  Options.bottommost_compression_opts.level: 32767
2021/09/27-06:12:45.642073 7fcfba24b700               Options.bottommost_compression_opts.strategy: 0
2021/09/27-06:12:45.642073 7fcfba24b700         Options.bottommost_compression_opts.max_dict_bytes: 0
2021/09/27-06:12:45.642074 7fcfba24b700         Options.bottommost_compression_opts.zstd_max_train_bytes: 0
2021/09/27-06:12:45.642075 7fcfba24b700         Options.bottommost_compression_opts.parallel_threads: 1
2021/09/27-06:12:45.642075 7fcfba24b700                  Options.bottommost_compression_opts.enabled: false
2021/09/27-06:12:45.642739 7fcfba24b700            Options.compression_opts.window_bits: -14
2021/09/27-06:12:45.642744 7fcfba24b700                  Options.compression_opts.level: 32767
2021/09/27-06:12:45.642745 7fcfba24b700               Options.compression_opts.strategy: 0
2021/09/27-06:12:45.642745 7fcfba24b700         Options.compression_opts.max_dict_bytes: 0
2021/09/27-06:12:45.642746 7fcfba24b700         Options.compression_opts.zstd_max_train_bytes: 0
2021/09/27-06:12:45.642747 7fcfba24b700         Options.compression_opts.parallel_threads: 1
2021/09/27-06:12:45.642747 7fcfba24b700                  Options.compression_opts.enabled: false
2021/09/27-06:12:45.642748 7fcfba24b700      Options.level0_file_num_compaction_trigger: 4
2021/09/27-06:12:45.642749 7fcfba24b700          Options.level0_slowdown_writes_trigger: 20
2021/09/27-06:12:45.642749 7fcfba24b700              Options.level0_stop_writes_trigger: 36
2021/09/27-06:12:45.642750 7fcfba24b700                   Options.target_file_size_base: 67108864
2021/09/27-06:12:45.642751 7fcfba24b700             Options.target_file_size_multiplier: 1
2021/09/27-06:12:45.642751 7fcfba24b700                Options.max_bytes_for_level_base: 268435456
2021/09/27-06:12:45.642752 7fcfba24b700 Options.level_compaction_dynamic_level_bytes: 0
2021/09/27-06:12:45.642753 7fcfba24b700          Options.max_bytes_for_level_multiplier: 10.000000
2021/09/27-06:12:45.642756 7fcfba24b700 Options.max_bytes_for_level_multiplier_addtl[0]: 1
2021/09/27-06:12:45.642757 7fcfba24b700 Options.max_bytes_for_level_multiplier_addtl[1]: 1
2021/09/27-06:12:45.642758 7fcfba24b700 Options.max_bytes_for_level_multiplier_addtl[2]: 1
2021/09/27-06:12:45.642758 7fcfba24b700 Options.max_bytes_for_level_multiplier_addtl[3]: 1
2021/09/27-06:12:45.642759 7fcfba24b700 Options.max_bytes_for_level_multiplier_addtl[4]: 1
2021/09/27-06:12:45.642759 7fcfba24b700 Options.max_bytes_for_level_multiplier_addtl[5]: 1
2021/09/27-06:12:45.642760 7fcfba24b700 Options.max_bytes_for_level_multiplier_addtl[6]: 1
2021/09/27-06:12:45.642761 7fcfba24b700       Options.max_sequential_skip_in_iterations: 8
2021/09/27-06:12:45.642761 7fcfba24b700                    Options.max_compaction_bytes: 1677721600
2021/09/27-06:12:45.642762 7fcfba24b700                        Options.arena_block_size: 8388608
2021/09/27-06:12:45.642763 7fcfba24b700   Options.soft_pending_compaction_bytes_limit: 68719476736
2021/09/27-06:12:45.642763 7fcfba24b700   Options.hard_pending_compaction_bytes_limit: 274877906944
2021/09/27-06:12:45.642764 7fcfba24b700       Options.rate_limit_delay_max_milliseconds: 100
2021/09/27-06:12:45.642765 7fcfba24b700                Options.disable_auto_compactions: 1
2021/09/27-06:12:45.642766 7fcfba24b700                        Options.compaction_style: kCompactionStyleLevel
2021/09/27-06:12:45.642767 7fcfba24b700                          Options.compaction_pri: kMinOverlappingRatio
2021/09/27-06:12:45.642768 7fcfba24b700 Options.compaction_options_universal.size_ratio: 1
2021/09/27-06:12:45.642769 7fcfba24b700 Options.compaction_options_universal.min_merge_width: 2
2021/09/27-06:12:45.642769 7fcfba24b700 Options.compaction_options_universal.max_merge_width: 4294967295
2021/09/27-06:12:45.642770 7fcfba24b700 Options.compaction_options_universal.max_size_amplification_percent: 200
2021/09/27-06:12:45.642771 7fcfba24b700 Options.compaction_options_universal.compression_size_percent: -1
2021/09/27-06:12:45.642771 7fcfba24b700 Options.compaction_options_universal.stop_style: kCompactionStopStyleTotalSize
2021/09/27-06:12:45.642772 7fcfba24b700 Options.compaction_options_fifo.max_table_files_size: 1073741824
2021/09/27-06:12:45.642773 7fcfba24b700 Options.compaction_options_fifo.allow_compaction: 0
2021/09/27-06:12:45.642779 7fcfba24b700                   Options.table_properties_collectors: 
2021/09/27-06:12:45.642779 7fcfba24b700                   Options.inplace_update_support: 0
2021/09/27-06:12:45.642780 7fcfba24b700                 Options.inplace_update_num_locks: 10000
2021/09/27-06:12:45.643457 7fcfba24b700               Options.memtable_prefix_bloom_size_ratio: 0.000000
2021/09/27-06:12:45.643462 7fcfba24b700               Options.memtable_whole_key_filtering: 0
2021/09/27-06:12:45.643463 7fcfba24b700   Options.memtable_huge_page_size: 0
2021/09/27-06:12:45.643464 7fcfba24b700                           Options.bloom_locality: 0
2021/09/27-06:12:45.643465 7fcfba24b700                    Options.max_successive_merges: 0
2021/09/27-06:12:45.643466 7fcfba24b700                Options.optimize_filters_for_hits: 0
2021/09/27-06:12:45.643466 7fcfba24b700                Options.paranoid_file_checks: 0
2021/09/27-06:12:45.643467 7fcfba24b700                Options.force_consistency_checks: 1
2021/09/27-06:12:45.643467 7fcfba24b700                Options.report_bg_io_stats: 0
2021/09/27-06:12:45.643468 7fcfba24b700                               Options.ttl: 2592000
2021/09/27-06:12:45.643469 7fcfba24b700          Options.periodic_compaction_seconds: 0
2021/09/27-06:12:45.643469 7fcfba24b700                    Options.enable_blob_files: false
2021/09/27-06:12:45.643470 7fcfba24b700                        Options.min_blob_size: 0
2021/09/27-06:12:45.643471 7fcfba24b700                       Options.blob_file_size: 268435456
2021/09/27-06:12:45.643472 7fcfba24b700                Options.blob_compression_type: NoCompression
2021/09/27-06:12:45.643473 7fcfba24b700       Options.enable_blob_garbage_collection: false
2021/09/27-06:12:45.643474 7fcfba24b700   Options.blob_garbage_collection_age_cutoff: 0.250000
2021/09/27-06:12:45.645226 7fcfba24b700 [/version_set.cc:4773] Recovered from manifest file:/node/data/database/MANIFEST-000001 succeeded,manifest_file_number is 1, next_file_number is 3, last_sequence is 0, log_number is 0,prev_log_number is 0,max_column_family is 0,min_log_number_to_keep is 0
2021/09/27-06:12:45.645231 7fcfba24b700 [/version_set.cc:4782] Column family [default] (ID 0), log number is 0
2021/09/27-06:12:45.647321 7fcfba24b700 [/version_set.cc:4083] Creating manifest 3
2021/09/27-06:12:45.656397 7fcfba24b700 [/column_family.cc:597] --------------- Options for column family []:
2021/09/27-06:12:45.656422 7fcfba24b700               Options.comparator: leveldb.BytewiseComparator
2021/09/27-06:12:45.656423 7fcfba24b700           Options.merge_operator: None
2021/09/27-06:12:45.656424 7fcfba24b700        Options.compaction_filter: None
2021/09/27-06:12:45.656425 7fcfba24b700        Options.compaction_filter_factory: None
2021/09/27-06:12:45.656425 7fcfba24b700  Options.sst_partitioner_factory: None
2021/09/27-06:12:45.656426 7fcfba24b700         Options.memtable_factory: SkipListFactory
2021/09/27-06:12:45.656427 7fcfba24b700            Options.table_factory: BlockBasedTable
2021/09/27-06:12:45.656454 7fcfba24b700            table_factory options:   flush_block_policy_factory: FlushBlockBySizePolicyFactory (0x7fcfb57c9bf0)
  cache_index_and_filter_blocks: 0
  cache_index_and_filter_blocks_with_high_priority: 1
  pin_l0_filter_and_index_blocks_in_cache: 0
  pin_top_level_index_and_filter: 1
  index_type: 0
  data_block_index_type: 0
  index_shortening: 1
  data_block_hash_table_util_ratio: 0.750000
  hash_index_allow_collision: 1
  checksum: 1
  no_block_cache: 0
  block_cache: 0x7fcfb57c9c30
  block_cache_name: LRUCache
  block_cache_options:
    capacity : 8388608
    num_shard_bits : 4
    strict_capacity_limit : 0
    memory_allocator : None
    high_pri_pool_ratio: 0.000
  block_cache_compressed: (nil)
  persistent_cache: (nil)
  block_size: 4096
  block_size_deviation: 10
  block_restart_interval: 16
  index_block_restart_interval: 1
  metadata_block_size: 4096
  partition_filters: 0
  use_delta_encoding: 1
  filter_policy: nullptr
  whole_key_filtering: 1
  verify_compression: 0
  read_amp_bytes_per_bit: 0
  format_version: 4
  enable_index_compression: 1
  block_align: 0
2021/09/27-06:12:45.656455 7fcfba24b700        Options.write_buffer_size: 67108864
2021/09/27-06:12:45.656456 7fcfba24b700  Options.max_write_buffer_number: 2
2021/09/27-06:12:45.656457 7fcfba24b700          Options.compression: Snappy
2021/09/27-06:12:45.656458 7fcfba24b700                  Options.bottommost_compression: Disabled
2021/09/27-06:12:45.656459 7fcfba24b700       Options.prefix_extractor: nullptr
2021/09/27-06:12:45.656459 7fcfba24b700   Options.memtable_insert_with_hint_prefix_extractor: nullptr
2021/09/27-06:12:45.656460 7fcfba24b700             Options.num_levels: 7
2021/09/27-06:12:45.656461 7fcfba24b700        Options.min_write_buffer_number_to_merge: 1
2021/09/27-06:12:45.656461 7fcfba24b700     Options.max_write_buffer_number_to_maintain: 0
2021/09/27-06:12:45.656462 7fcfba24b700     Options.max_write_buffer_size_to_maintain: 134217728
2021/09/27-06:12:45.656463 7fcfba24b700            Options.bottommost_compression_opts.window_bits: -14
2021/09/27-06:12:45.656463 7fcfba24b700                  Options.bottommost_compression_opts.level: 32767
2021/09/27-06:12:45.656464 7fcfba24b700               Options.bottommost_compression_opts.strategy: 0
2021/09/27-06:12:45.656465 7fcfba24b700         Options.bottommost_compression_opts.max_dict_bytes: 0
2021/09/27-06:12:45.656465 7fcfba24b700         Options.bottommost_compression_opts.zstd_max_train_bytes: 0
2021/09/27-06:12:45.656466 7fcfba24b700         Options.bottommost_compression_opts.parallel_threads: 1
2021/09/27-06:12:45.656467 7fcfba24b700                  Options.bottommost_compression_opts.enabled: false
2021/09/27-06:12:45.656467 7fcfba24b700            Options.compression_opts.window_bits: -14
2021/09/27-06:12:45.656468 7fcfba24b700                  Options.compression_opts.level: 32767
2021/09/27-06:12:45.656469 7fcfba24b700               Options.compression_opts.strategy: 0
2021/09/27-06:12:45.656469 7fcfba24b700         Options.compression_opts.max_dict_bytes: 0
2021/09/27-06:12:45.656470 7fcfba24b700         Options.compression_opts.zstd_max_train_bytes: 0
2021/09/27-06:12:45.656471 7fcfba24b700         Options.compression_opts.parallel_threads: 1
2021/09/27-06:12:45.656471 7fcfba24b700                  Options.compression_opts.enabled: false
2021/09/27-06:12:45.657197 7fcfba24b700      Options.level0_file_num_compaction_trigger: 4
2021/09/27-06:12:45.657200 7fcfba24b700          Options.level0_slowdown_writes_trigger: 20
2021/09/27-06:12:45.657201 7fcfba24b700              Options.level0_stop_writes_trigger: 36
2021/09/27-06:12:45.657201 7fcfba24b700                   Options.target_file_size_base: 67108864
2021/09/27-06:12:45.657202 7fcfba24b700             Options.target_file_size_multiplier: 1
2021/09/27-06:12:45.657203 7fcfba24b700                Options.max_bytes_for_level_base: 268435456
2021/09/27-06:12:45.657203 7fcfba24b700 Options.level_compaction_dynamic_level_bytes: 0
2021/09/27-06:12:45.657204 7fcfba24b700          Options.max_bytes_for_level_multiplier: 10.000000
2021/09/27-06:12:45.657206 7fcfba24b700 Options.max_bytes_for_level_multiplier_addtl[0]: 1
2021/09/27-06:12:45.657207 7fcfba24b700 Options.max_bytes_for_level_multiplier_addtl[1]: 1
2021/09/27-06:12:45.657208 7fcfba24b700 Options.max_bytes_for_level_multiplier_addtl[2]: 1
2021/09/27-06:12:45.657208 7fcfba24b700 Options.max_bytes_for_level_multiplier_addtl[3]: 1
2021/09/27-06:12:45.657209 7fcfba24b700 Options.max_bytes_for_level_multiplier_addtl[4]: 1
2021/09/27-06:12:45.657210 7fcfba24b700 Options.max_bytes_for_level_multiplier_addtl[5]: 1
2021/09/27-06:12:45.657210 7fcfba24b700 Options.max_bytes_for_level_multiplier_addtl[6]: 1
2021/09/27-06:12:45.657211 7fcfba24b700       Options.max_sequential_skip_in_iterations: 8
2021/09/27-06:12:45.657211 7fcfba24b700                    Options.max_compaction_bytes: 1677721600
2021/09/27-06:12:45.657212 7fcfba24b700                        Options.arena_block_size: 8388608
2021/09/27-06:12:45.657213 7fcfba24b700   Options.soft_pending_compaction_bytes_limit: 68719476736
2021/09/27-06:12:45.657214 7fcfba24b700   Options.hard_pending_compaction_bytes_limit: 274877906944
2021/09/27-06:12:45.657214 7fcfba24b700       Options.rate_limit_delay_max_milliseconds: 100
2021/09/27-06:12:45.657215 7fcfba24b700                Options.disable_auto_compactions: 1
2021/09/27-06:12:45.657216 7fcfba24b700                        Options.compaction_style: kCompactionStyleLevel
2021/09/27-06:12:45.657217 7fcfba24b700                          Options.compaction_pri: kMinOverlappingRatio
2021/09/27-06:12:45.657218 7fcfba24b700 Options.compaction_options_universal.size_ratio: 1
2021/09/27-06:12:45.657218 7fcfba24b700 Options.compaction_options_universal.min_merge_width: 2
2021/09/27-06:12:45.657219 7fcfba24b700 Options.compaction_options_universal.max_merge_width: 4294967295
2021/09/27-06:12:45.657219 7fcfba24b700 Options.compaction_options_universal.max_size_amplification_percent: 200
2021/09/27-06:12:45.657220 7fcfba24b700 Options.compaction_options_universal.compression_size_percent: -1
2021/09/27-06:12:45.657221 7fcfba24b700 Options.compaction_options_universal.stop_style: kCompactionStopStyleTotalSize
2021/09/27-06:12:45.657222 7fcfba24b700 Options.compaction_options_fifo.max_table_files_size: 1073741824
2021/09/27-06:12:45.657222 7fcfba24b700 Options.compaction_options_fifo.allow_compaction: 0
2021/09/27-06:12:45.657227 7fcfba24b700                   Options.table_properties_collectors: 
2021/09/27-06:12:45.657228 7fcfba24b700                   Options.inplace_update_support: 0
2021/09/27-06:12:45.657229 7fcfba24b700                 Options.inplace_update_num_locks: 10000
2021/09/27-06:12:45.657230 7fcfba24b700               Options.memtable_prefix_bloom_size_ratio: 0.000000
2021/09/27-06:12:45.657231 7fcfba24b700               Options.memtable_whole_key_filtering: 0
2021/09/27-06:12:45.657231 7fcfba24b700   Options.memtable_huge_page_size: 0
2021/09/27-06:12:45.657232 7fcfba24b700                           Options.bloom_locality: 0
2021/09/27-06:12:45.657232 7fcfba24b700                    Options.max_successive_merges: 0
2021/09/27-06:12:45.657233 7fcfba24b700                Options.optimize_filters_for_hits: 0
2021/09/27-06:12:45.657234 7fcfba24b700                Options.paranoid_file_checks: 0
2021/09/27-06:12:45.657234 7fcfba24b700                Options.force_consistency_checks: 1
2021/09/27-06:12:45.658451 7fcfba24b700                Options.report_bg_io_stats: 0
2021/09/27-06:12:45.658455 7fcfba24b700                               Options.ttl: 2592000
2021/09/27-06:12:45.658456 7fcfba24b700          Options.periodic_compaction_seconds: 0
2021/09/27-06:12:45.658456 7fcfba24b700                    Options.enable_blob_files: false
2021/09/27-06:12:45.658457 7fcfba24b700                        Options.min_blob_size: 0
2021/09/27-06:12:45.658458 7fcfba24b700                       Options.blob_file_size: 268435456
2021/09/27-06:12:45.658459 7fcfba24b700                Options.blob_compression_type: NoCompression
2021/09/27-06:12:45.658460 7fcfba24b700       Options.enable_blob_garbage_collection: false
2021/09/27-06:12:45.658461 7fcfba24b700   Options.blob_garbage_collection_age_cutoff: 0.250000
2021/09/27-06:12:45.659071 7fcfba24b700 [/db_impl/db_impl.cc:2632] Created column family [] (ID 1)
2021/09/27-06:12:45.669136 7fcfba24b700 [/column_family.cc:597] --------------- Options for column family []:
2021/09/27-06:12:45.669158 7fcfba24b700               Options.comparator: leveldb.BytewiseComparator
2021/09/27-06:12:45.669159 7fcfba24b700           Options.merge_operator: None
2021/09/27-06:12:45.669160 7fcfba24b700        Options.compaction_filter: None
2021/09/27-06:12:45.669161 7fcfba24b700        Options.compaction_filter_factory: None
2021/09/27-06:12:45.669161 7fcfba24b700  Options.sst_partitioner_factory: None
2021/09/27-06:12:45.669162 7fcfba24b700         Options.memtable_factory: SkipListFactory
2021/09/27-06:12:45.669163 7fcfba24b700            Options.table_factory: BlockBasedTable
2021/09/27-06:12:45.669181 7fcfba24b700            table_factory options:   flush_block_policy_factory: FlushBlockBySizePolicyFactory (0x7fcfb57cbc90)
  cache_index_and_filter_blocks: 0
  cache_index_and_filter_blocks_with_high_priority: 1
  pin_l0_filter_and_index_blocks_in_cache: 0
  pin_top_level_index_and_filter: 1
  index_type: 0
  data_block_index_type: 0
  index_shortening: 1
  data_block_hash_table_util_ratio: 0.750000
  hash_index_allow_collision: 1
  checksum: 1
  no_block_cache: 0
  block_cache: 0x7fcfb57cbcd0
  block_cache_name: LRUCache
  block_cache_options:
    capacity : 8388608
    num_shard_bits : 4
    strict_capacity_limit : 0
    memory_allocator : None
    high_pri_pool_ratio: 0.000
  block_cache_compressed: (nil)
  persistent_cache: (nil)
  block_size: 4096
  block_size_deviation: 10
  block_restart_interval: 16
  index_block_restart_interval: 1
  metadata_block_size: 4096
  partition_filters: 0
  use_delta_encoding: 1
  filter_policy: nullptr
  whole_key_filtering: 1
  verify_compression: 0
  read_amp_bytes_per_bit: 0
  format_version: 4
  enable_index_compression: 1
  block_align: 0
2021/09/27-06:12:45.669182 7fcfba24b700        Options.write_buffer_size: 67108864
2021/09/27-06:12:45.669183 7fcfba24b700  Options.max_write_buffer_number: 2
2021/09/27-06:12:45.669184 7fcfba24b700          Options.compression: Snappy
2021/09/27-06:12:45.669184 7fcfba24b700                  Options.bottommost_compression: Disabled
2021/09/27-06:12:45.669185 7fcfba24b700       Options.prefix_extractor: nullptr
2021/09/27-06:12:45.669185 7fcfba24b700   Options.memtable_insert_with_hint_prefix_extractor: nullptr
2021/09/27-06:12:45.669186 7fcfba24b700             Options.num_levels: 7
2021/09/27-06:12:45.669187 7fcfba24b700        Options.min_write_buffer_number_to_merge: 1
2021/09/27-06:12:45.669187 7fcfba24b700     Options.max_write_buffer_number_to_maintain: 0
2021/09/27-06:12:45.669188 7fcfba24b700     Options.max_write_buffer_size_to_maintain: 134217728
2021/09/27-06:12:45.669189 7fcfba24b700            Options.bottommost_compression_opts.window_bits: -14
2021/09/27-06:12:45.669189 7fcfba24b700                  Options.bottommost_compression_opts.level: 32767
2021/09/27-06:12:45.669190 7fcfba24b700               Options.bottommost_compression_opts.strategy: 0
2021/09/27-06:12:45.669191 7fcfba24b700         Options.bottommost_compression_opts.max_dict_bytes: 0
2021/09/27-06:12:45.669191 7fcfba24b700         Options.bottommost_compression_opts.zstd_max_train_bytes: 0
2021/09/27-06:12:45.669192 7fcfba24b700         Options.bottommost_compression_opts.parallel_threads: 1
2021/09/27-06:12:45.669192 7fcfba24b700                  Options.bottommost_compression_opts.enabled: false
2021/09/27-06:12:45.669193 7fcfba24b700            Options.compression_opts.window_bits: -14
2021/09/27-06:12:45.669194 7fcfba24b700                  Options.compression_opts.level: 32767
2021/09/27-06:12:45.669194 7fcfba24b700               Options.compression_opts.strategy: 0
2021/09/27-06:12:45.669195 7fcfba24b700         Options.compression_opts.max_dict_bytes: 0
2021/09/27-06:12:45.669195 7fcfba24b700         Options.compression_opts.zstd_max_train_bytes: 0
2021/09/27-06:12:45.669196 7fcfba24b700         Options.compression_opts.parallel_threads: 1
2021/09/27-06:12:45.669197 7fcfba24b700                  Options.compression_opts.enabled: false
2021/09/27-06:12:45.670478 7fcfba24b700      Options.level0_file_num_compaction_trigger: 4
2021/09/27-06:12:45.670481 7fcfba24b700          Options.level0_slowdown_writes_trigger: 20
2021/09/27-06:12:45.670482 7fcfba24b700              Options.level0_stop_writes_trigger: 36
2021/09/27-06:12:45.670482 7fcfba24b700                   Options.target_file_size_base: 67108864
2021/09/27-06:12:45.670483 7fcfba24b700             Options.target_file_size_multiplier: 1
2021/09/27-06:12:45.670484 7fcfba24b700                Options.max_bytes_for_level_base: 268435456
2021/09/27-06:12:45.670484 7fcfba24b700 Options.level_compaction_dynamic_level_bytes: 0
2021/09/27-06:12:45.670485 7fcfba24b700          Options.max_bytes_for_level_multiplier: 10.000000
2021/09/27-06:12:45.670487 7fcfba24b700 Options.max_bytes_for_level_multiplier_addtl[0]: 1
2021/09/27-06:12:45.670487 7fcfba24b700 Options.max_bytes_for_level_multiplier_addtl[1]: 1
2021/09/27-06:12:45.670488 7fcfba24b700 Options.max_bytes_for_level_multiplier_addtl[2]: 1
2021/09/27-06:12:45.670489 7fcfba24b700 Options.max_bytes_for_level_multiplier_addtl[3]: 1
2021/09/27-06:12:45.670489 7fcfba24b700 Options.max_bytes_for_level_multiplier_addtl[4]: 1
2021/09/27-06:12:45.670490 7fcfba24b700 Options.max_bytes_for_level_multiplier_addtl[5]: 1
2021/09/27-06:12:45.670490 7fcfba24b700 Options.max_bytes_for_level_multiplier_addtl[6]: 1
2021/09/27-06:12:45.670491 7fcfba24b700       Options.max_sequential_skip_in_iterations: 8
2021/09/27-06:12:45.670492 7fcfba24b700                    Options.max_compaction_bytes: 1677721600
2021/09/27-06:12:45.670492 7fcfba24b700                        Options.arena_block_size: 8388608
2021/09/27-06:12:45.670493 7fcfba24b700   Options.soft_pending_compaction_bytes_limit: 68719476736
2021/09/27-06:12:45.670493 7fcfba24b700   Options.hard_pending_compaction_bytes_limit: 274877906944
2021/09/27-06:12:45.670494 7fcfba24b700       Options.rate_limit_delay_max_milliseconds: 100
2021/09/27-06:12:45.670495 7fcfba24b700                Options.disable_auto_compactions: 1
2021/09/27-06:12:45.670496 7fcfba24b700                        Options.compaction_style: kCompactionStyleLevel
2021/09/27-06:12:45.670497 7fcfba24b700                          Options.compaction_pri: kMinOverlappingRatio
2021/09/27-06:12:45.670497 7fcfba24b700 Options.compaction_options_universal.size_ratio: 1
2021/09/27-06:12:45.670498 7fcfba24b700 Options.compaction_options_universal.min_merge_width: 2
2021/09/27-06:12:45.670499 7fcfba24b700 Options.compaction_options_universal.max_merge_width: 4294967295
2021/09/27-06:12:45.670499 7fcfba24b700 Options.compaction_options_universal.max_size_amplification_percent: 200
2021/09/27-06:12:45.670500 7fcfba24b700 Options.compaction_options_universal.compression_size_percent: -1
2021/09/27-06:12:45.670500 7fcfba24b700 Options.compaction_options_universal.stop_style: kCompactionStopStyleTotalSize
2021/09/27-06:12:45.670501 7fcfba24b700 Options.compaction_options_fifo.max_table_files_size: 1073741824
2021/09/27-06:12:45.670502 7fcfba24b700 Options.compaction_options_fifo.allow_compaction: 0
2021/09/27-06:12:45.670506 7fcfba24b700                   Options.table_properties_collectors: 
2021/09/27-06:12:45.670507 7fcfba24b700                   Options.inplace_update_support: 0
2021/09/27-06:12:45.670507 7fcfba24b700                 Options.inplace_update_num_locks: 10000
2021/09/27-06:12:45.670508 7fcfba24b700               Options.memtable_prefix_bloom_size_ratio: 0.000000
2021/09/27-06:12:45.670509 7fcfba24b700               Options.memtable_whole_key_filtering: 0
2021/09/27-06:12:45.670532 7fcfba24b700   Options.memtable_huge_page_size: 0
2021/09/27-06:12:45.670533 7fcfba24b700                           Options.bloom_locality: 0
2021/09/27-06:12:45.670533 7fcfba24b700                    Options.max_successive_merges: 0
2021/09/27-06:12:45.670534 7fcfba24b700                Options.optimize_filters_for_hits: 0
2021/09/27-06:12:45.670535 7fcfba24b700                Options.paranoid_file_checks: 0
2021/09/27-06:12:45.670535 7fcfba24b700                Options.force_consistency_checks: 1
2021/09/27-06:12:45.671383 7fcfba24b700                Options.report_bg_io_stats: 0
2021/09/27-06:12:45.671386 7fcfba24b700                               Options.ttl: 2592000
2021/09/27-06:12:45.671387 7fcfba24b700          Options.periodic_compaction_seconds: 0
2021/09/27-06:12:45.671388 7fcfba24b700                    Options.enable_blob_files: false
2021/09/27-06:12:45.671388 7fcfba24b700                        Options.min_blob_size: 0
2021/09/27-06:12:45.671389 7fcfba24b700                       Options.blob_file_size: 268435456
2021/09/27-06:12:45.671390 7fcfba24b700                Options.blob_compression_type: NoCompression
2021/09/27-06:12:45.671391 7fcfba24b700       Options.enable_blob_garbage_collection: false
2021/09/27-06:12:45.671392 7fcfba24b700   Options.blob_garbage_collection_age_cutoff: 0.250000
2021/09/27-06:12:45.671917 7fcfba24b700 [/db_impl/db_impl.cc:2632] Created column family [] (ID 2)
2021/09/27-06:12:45.681375 7fcfba24b700 [/column_family.cc:597] --------------- Options for column family []:
2021/09/27-06:12:45.681382 7fcfba24b700               Options.comparator: leveldb.BytewiseComparator
2021/09/27-06:12:45.681383 7fcfba24b700           Options.merge_operator: None
2021/09/27-06:12:45.681400 7fcfba24b700        Options.compaction_filter: None
2021/09/27-06:12:45.681401 7fcfba24b700        Options.compaction_filter_factory: None
2021/09/27-06:12:45.681402 7fcfba24b700  Options.sst_partitioner_factory: None
2021/09/27-06:12:45.681402 7fcfba24b700         Options.memtable_factory: SkipListFactory
2021/09/27-06:12:45.681403 7fcfba24b700            Options.table_factory: BlockBasedTable
2021/09/27-06:12:45.681423 7fcfba24b700            table_factory options:   flush_block_policy_factory: FlushBlockBySizePolicyFactory (0x7fcfb57cdc40)
  cache_index_and_filter_blocks: 0
  cache_index_and_filter_blocks_with_high_priority: 1
  pin_l0_filter_and_index_blocks_in_cache: 0
  pin_top_level_index_and_filter: 1
  index_type: 0
  data_block_index_type: 0
  index_shortening: 1
  data_block_hash_table_util_ratio: 0.750000
  hash_index_allow_collision: 1
  checksum: 1
  no_block_cache: 0
  block_cache: 0x7fcfb57cdc80
  block_cache_name: LRUCache
  block_cache_options:
    capacity : 8388608
    num_shard_bits : 4
    strict_capacity_limit : 0
    memory_allocator : None
    high_pri_pool_ratio: 0.000
  block_cache_compressed: (nil)
  persistent_cache: (nil)
  block_size: 4096
  block_size_deviation: 10
  block_restart_interval: 16
  index_block_restart_interval: 1
  metadata_block_size: 4096
  partition_filters: 0
  use_delta_encoding: 1
  filter_policy: nullptr
  whole_key_filtering: 1
  verify_compression: 0
  read_amp_bytes_per_bit: 0
  format_version: 4
  enable_index_compression: 1
  block_align: 0
2021/09/27-06:12:45.681425 7fcfba24b700        Options.write_buffer_size: 67108864
2021/09/27-06:12:45.681425 7fcfba24b700  Options.max_write_buffer_number: 2
2021/09/27-06:12:45.681426 7fcfba24b700          Options.compression: Snappy
2021/09/27-06:12:45.681427 7fcfba24b700                  Options.bottommost_compression: Disabled
2021/09/27-06:12:45.681428 7fcfba24b700       Options.prefix_extractor: nullptr
2021/09/27-06:12:45.681428 7fcfba24b700   Options.memtable_insert_with_hint_prefix_extractor: nullptr
2021/09/27-06:12:45.681429 7fcfba24b700             Options.num_levels: 7
2021/09/27-06:12:45.681430 7fcfba24b700        Options.min_write_buffer_number_to_merge: 1
2021/09/27-06:12:45.681430 7fcfba24b700     Options.max_write_buffer_number_to_maintain: 0
2021/09/27-06:12:45.681431 7fcfba24b700     Options.max_write_buffer_size_to_maintain: 134217728
2021/09/27-06:12:45.681431 7fcfba24b700            Options.bottommost_compression_opts.window_bits: -14
2021/09/27-06:12:45.681432 7fcfba24b700                  Options.bottommost_compression_opts.level: 32767
2021/09/27-06:12:45.681433 7fcfba24b700               Options.bottommost_compression_opts.strategy: 0
2021/09/27-06:12:45.681433 7fcfba24b700         Options.bottommost_compression_opts.max_dict_bytes: 0
